Sources            SpT    $log(T_{\rm{eff}}/\rm{K})$    Distance             log frac{l_{\star}}{L_{\odot}}    Stellar mass (M_{\star})
-----------------  -----  ----------------------------  -------------------  --------------------------------  --------------------------
J15354856-2958551  M4     3.51\pm0.02                   87.84(-1.05,+1.07)   -1.035(0.151,-0.113)              0.27(0.13,-0.1)
J15514032-2146103  M4     3.51\pm0.02                   140.84(-0.79,+0.8)   -1.335(0.172,-0.149)              0.27(0.13,-0.1)
J15521088-2125372  M4     3.51\pm0.02                   154.94(-5.02,+5.36)  -1.752(0.959,-0.933)              0.27(0.13,-0.1)
J15530132-2114135  M4     3.51\pm0.02                   143.04(-1.05,+1.06)  -1.212(0.169,-0.144)              0.27(0.13,-0.1)
J15534211-2049282  M3.5   3.52\pm0.02                   145.0(-20.0,+20.0)   -0.84(0.423,-0.419)               0.33(0.16,-0.12)
J15551704-2322165  M2.5   3.54\pm0.02                   145.0(-20.0,+20.0)   -0.54(0.22,-0.202)                0.49(0.18,-0.16)
J15554883-2512240  G3     3.77\pm0.01                   143.57(-0.41,+0.41)  0.361(0.15,-0.111)                1.54(0.02,-0.02)
J15562477-2225552  M4     3.51\pm0.02                   142.38(-0.79,+0.79)  -1.196(0.155,-0.127)              0.27(0.13,-0.1)
J15570641-2206060  M4     3.51\pm0.02                   145.33(-0.99,+1.01)  -1.438(0.227,-0.208)              0.27(0.13,-0.1)
J15572986-2258438  M4     3.51\pm0.02                   145.0(-20.0,+20.0)   -1.33(0.947,-0.947)               0.27(0.13,-0.1)
J15581270-2328364  G6     3.76\pm0.01                   145.7(-0.38,+0.38)   0.404(0.15,-0.111)                1.52(0.02,-0.02)
J15582981-2310077  M3     3.53\pm0.02                   141.13(-0.98,+0.99)  -1.334(0.186,-0.165)              0.41(0.18,-0.14)
J15583692-2257153  G7     3.75\pm0.01                   167.34(-0.51,+0.51)  0.594(0.15,-0.111)                1.5(0.02,-0.02)
J15584772-1757595  K4     3.65\pm0.01                   138.21(-0.44,+0.44)  -0.052(0.15,-0.111)               1.25(0.03,-0.04)
J16001330-2418106  M0     3.59\pm0.01                   146.57(-0.43,+0.43)  -0.551(0.15,-0.111)               0.93(0.07,-0.09)
J16001730-2236504  M4     3.51\pm0.02                   145.0(-20.0,+20.0)   -0.82(0.407,-0.402)               0.27(0.13,-0.1)
J16001844-2230114  M4.5   3.5\pm0.02                    145.0(-20.0,+20.0)   -1.13(0.718,-0.717)               0.22(0.11,-0.09)
J16014086-2258103  M4     3.51\pm0.02                   135.85(-1.25,+1.27)  -0.957(0.147,-0.116)              0.27(0.13,-0.1)
J16014157-2111380  M4     3.51\pm0.02                   141.56(-1.38,+1.41)  -1.581(0.342,-0.331)              0.27(0.13,-0.1)
J16020039-2221237  M1     3.57\pm0.02                   145.0(-20.0,+20.0)   -0.32(0.162,-0.129)               0.75(0.17,-0.18)
J16020287-2236139  M0     3.59\pm0.01                   145.0(-20.0,+20.0)   -1.41(1.042,-1.041)               0.93(0.07,-0.09)
J16020757-2257467  M2.5   3.54\pm0.02                   140.68(-0.39,+0.39)  -0.846(0.14,-0.106)               0.49(0.18,-0.16)
J16024152-2138245  M4.75  3.5\pm0.02                    140.54(-1.26,+1.28)  -1.467(0.259,-0.246)              0.22(0.11,-0.09)
J16025123-2401574  K4     3.65\pm0.01                   145.03(-0.41,+0.41)  -0.2(0.15,-0.111)                 1.25(0.03,-0.04)
J16030161-2207523  M4.75  3.5\pm0.02                    140.36(-1.35,+1.38)  -1.618(0.356,-0.347)              0.22(0.11,-0.09)
J16031329-2112569  M4.75  3.5\pm0.02                    137.61(-0.97,+0.98)  -1.425(0.206,-0.188)              0.22(0.11,-0.09)
J16032225-2413111  M3.5   3.52\pm0.02                   140.05(-0.62,+0.62)  -1.0(0.143,-0.11)                 0.33(0.16,-0.12)
J16035767-2031055  K5     3.64\pm0.01                   145.0(-20.0,+20.0)   -0.17(0.152,-0.114)               1.21(0.04,-0.04)
J16035793-1942108  M2     3.55\pm0.02                   154.19(-0.67,+0.68)  -0.907(0.152,-0.115)              0.58(0.17,-0.19)
J16041740-1942287  M3.5   3.52\pm0.02                   154.1(-0.73,+0.74)   -1.017(0.146,-0.114)              0.33(0.16,-0.12)
J16042165-2130284  K2     3.69\pm0.02                   145.0(-20.0,+20.0)   -0.24(0.155,-0.119)               1.38(0.05,-0.07)
J16043916-1942459  M3.25  3.53\pm0.02                   150.94(-0.75,+0.76)  -1.135(0.152,-0.122)              0.41(0.18,-0.14)
J16050231-1941554  M4.5   3.5\pm0.02                    154.35(-1.19,+1.2)   -1.516(0.298,-0.287)              0.22(0.11,-0.09)
J16052459-1954419  M3.5   3.52\pm0.02                   152.48(-0.71,+0.72)  -1.036(0.146,-0.114)              0.33(0.16,-0.12)
J16052556-2035397  M5     3.49\pm0.02                   145.0(-20.0,+20.0)   -1.37(0.994,-0.994)               0.18(0.09,-0.07)
J16052661-1957050  M4.5   3.5\pm0.02                    145.0(-20.0,+20.0)   -1.13(0.718,-0.717)               0.22(0.11,-0.09)
J16053215-1933159  M5     3.49\pm0.02                   152.33(-1.26,+1.28)  -1.547(0.323,-0.313)              0.18(0.09,-0.07)
J16054540-2023088  M2     3.55\pm0.02                   138.72(-0.85,+0.86)  -0.938(0.143,-0.11)               0.58(0.17,-0.19)
J16055863-1949029  M4     3.51\pm0.02                   152.15(-0.85,+0.86)  -1.158(0.157,-0.13)               0.27(0.13,-0.1)
J16060061-1957114  M5     3.49\pm0.02                   145.0(-20.0,+20.0)   -1.2(0.797,-0.796)                0.18(0.09,-0.07)
J16061330-2212537  M4     3.51\pm0.02                   140.29(-0.41,+0.42)  -0.699(0.15,-0.111)               0.27(0.13,-0.1)
J16062196-1928445  M0     3.59\pm0.01                   145.0(-20.0,+20.0)   -0.25(0.146,-0.114)               0.93(0.07,-0.09)
J16062277-2011243  M5     3.49\pm0.02                   153.49(-0.95,+0.96)  -1.361(0.202,-0.184)              0.18(0.09,-0.07)
J16063539-2516510  M4.5   3.5\pm0.02                    138.74(-1.06,+1.07)  -1.638(0.313,-0.303)              0.22(0.11,-0.09)
J16064102-2455489  M4.5   3.5\pm0.02                    152.9(-1.59,+1.62)   -1.654(0.455,-0.446)              0.22(0.11,-0.09)
J16064115-2517044  M3.25  3.53\pm0.02                   152.09(-0.71,+0.72)  -1.179(0.154,-0.125)              0.41(0.18,-0.14)
J16064385-1908056  K6     3.62\pm0.01                   145.0(-20.0,+20.0)   -0.39(0.165,-0.14)                1.12(0.05,-0.06)
J16070014-2033092  M2.75  3.54\pm0.02                   139.3(-0.55,+0.56)   -0.985(0.142,-0.108)              0.49(0.18,-0.16)
J16070211-2019387  M5     3.49\pm0.02                   146.68(-2.11,+2.17)  -1.51(0.404,-0.393)               0.18(0.09,-0.07)
J16070873-1927341  M4     3.51\pm0.02                   149.13(-0.93,+0.94)  -1.256(0.173,-0.149)              0.27(0.13,-0.1)
J16071971-2020555  M3     3.53\pm0.02                   156.28(-0.82,+0.83)  -0.985(0.146,-0.115)              0.41(0.18,-0.14)
J16072625-2432079  M3.5   3.52\pm0.02                   144.57(-0.52,+0.53)  -0.923(0.141,-0.108)              0.33(0.16,-0.12)
J16072747-2059442  M4.75  3.5\pm0.02                    145.0(-20.0,+20.0)   -0.99(0.568,-0.566)               0.22(0.11,-0.09)
J16073939-1917472  M2     3.55\pm0.02                   139.64(-0.63,+0.63)  -0.793(0.141,-0.107)              0.58(0.17,-0.19)
J16075796-2040087  M1     3.57\pm0.02                   145.0(-20.0,+20.0)   -0.82(0.407,-0.402)               0.75(0.17,-0.18)
J16080555-2218070  M3.25  3.53\pm0.02                   144.49(-0.4,+0.41)   -0.823(0.14,-0.106)               0.41(0.18,-0.14)
J16081566-2222199  M3.25  3.53\pm0.02                   139.61(-0.36,+0.36)  -0.883(0.14,-0.106)               0.41(0.18,-0.14)
J16082324-1930009  K9     3.59\pm0.01                   137.82(-0.43,+0.43)  -0.634(0.15,-0.111)               0.93(0.07,-0.09)
J16082751-1949047  M5     3.49\pm0.02                   145.0(-20.0,+20.0)   -1.16(0.751,-0.751)               0.18(0.09,-0.07)
J16083455-2211559  M4.5   3.5\pm0.02                    139.06(-1.08,+1.09)  -1.496(0.246,-0.232)              0.22(0.11,-0.09)
J16084894-2400045  M3.75  3.52\pm0.02                   144.82(-0.71,+0.71)  -1.251(0.158,-0.131)              0.33(0.16,-0.12)
J16090002-1908368  M5     3.49\pm0.02                   136.94(-0.97,+0.98)  -1.38(0.192,-0.172)               0.18(0.09,-0.07)
J16090075-1908526  K9     3.59\pm0.01                   137.4(-0.46,+0.46)   -0.497(0.15,-0.111)               0.93(0.07,-0.09)
J16093558-1828232  M3     3.53\pm0.02                   159.12(-1.13,+1.14)  -0.979(0.152,-0.122)              0.41(0.18,-0.14)
J16094098-2217594  M0     3.59\pm0.01                   145.26(-0.36,+0.36)  -0.168(0.15,-0.111)               0.93(0.07,-0.09)
J16095361-1754474  M3     3.53\pm0.02                   158.61(-2.99,+3.1)   -1.262(0.344,-0.33)               0.41(0.18,-0.14)
J16095441-1906551  M1     3.57\pm0.02                   138.53(-0.37,+0.38)  -0.69(0.15,-0.111)                0.75(0.17,-0.18)
J16095933-1800090  M4     3.51\pm0.02                   136.45(-0.73,+0.74)  -1.053(0.145,-0.113)              0.27(0.13,-0.1)
J16101473-1919095  M2     3.55\pm0.02                   139.03(-0.45,+0.45)  -0.877(0.141,-0.107)              0.58(0.17,-0.19)
J16101888-2502325  M4.5   3.5\pm0.02                    153.93(-1.77,+1.81)  -1.298(0.261,-0.244)              0.22(0.11,-0.09)
J16102174-1904067  M1     3.57\pm0.02                   134.58(-0.41,+0.41)  -0.735(0.15,-0.111)               0.75(0.17,-0.18)
J16102819-1910444  M4     3.51\pm0.02                   151.7(-1.52,+1.55)   -1.581(0.388,-0.378)              0.27(0.13,-0.1)
J16102857-1904469  M3     3.53\pm0.02                   145.0(-20.0,+20.0)   -0.35(0.166,-0.135)               0.41(0.18,-0.14)
J16103956-1916524  M2     3.55\pm0.02                   156.22(-0.63,+0.64)  -0.875(0.152,-0.114)              0.58(0.17,-0.19)
J16104202-2101319  K5     3.64\pm0.01                   140.54(-0.33,+0.34)  -0.167(0.15,-0.111)               1.21(0.04,-0.04)
J16104636-1840598  M4.5   3.5\pm0.02                    141.38(-1.46,+1.49)  -1.592(0.361,-0.35)               0.22(0.11,-0.09)
J16111330-2019029  M3     3.53\pm0.02                   153.89(-0.68,+0.69)  -0.708(0.141,-0.107)              0.41(0.18,-0.14)
J16111534-1757214  M1     3.57\pm0.02                   135.78(-0.32,+0.32)  -0.537(0.15,-0.111)               0.75(0.17,-0.18)
J16112057-1820549  K5     3.64\pm0.01                   136.23(-0.37,+0.37)  -0.184(0.15,-0.111)               1.21(0.04,-0.04)
J16113134-1838259  K5     3.64\pm0.01                   145.0(-20.0,+20.0)   0.45(0.151,-0.112)                1.21(0.04,-0.04)
J16115091-2012098  M3.5   3.52\pm0.02                   140.85(-0.65,+0.65)  -1.065(0.145,-0.112)              0.33(0.16,-0.12)
J16122737-2009596  M4.5   3.5\pm0.02                    143.05(-1.37,+1.39)  -1.452(0.27,-0.257)               0.22(0.11,-0.09)
J16123916-1859284  M0.5   3.58\pm0.01                   135.46(-0.33,+0.33)  -0.559(0.15,-0.111)               0.84(0.08,-0.09)
J16124893-1800525  M3     3.53\pm0.02                   153.39(-0.65,+0.66)  -0.911(0.142,-0.109)              0.41(0.18,-0.14)
J16125533-2319456  G2     3.77\pm0.01                   153.36(-0.41,+0.41)  0.829(0.15,-0.111)                1.54(0.02,-0.02)
J16130996-1904269  M4     3.51\pm0.02                   136.52(-0.81,+0.82)  -1.162(0.151,-0.122)              0.27(0.13,-0.1)
J16133650-2503473  M3.5   3.52\pm0.02                   145.0(-20.0,+20.0)   -1.0(0.579,-0.577)                0.33(0.16,-0.12)
J16135434-2320342  M4.5   3.5\pm0.02                    145.0(-20.0,+20.0)   -1.07(0.652,-0.651)               0.22(0.11,-0.09)
J16141107-2305362  K2     3.69\pm0.02                   145.0(-20.0,+20.0)   0.43(0.151,-0.112)                1.38(0.05,-0.07)
J16142029-1906481  M0     3.59\pm0.01                   145.0(-20.0,+20.0)   -0.33(0.163,-0.131)               0.93(0.07,-0.09)
J16142893-1857224  M2.5   3.54\pm0.02                   145.0(-20.0,+20.0)   -0.61(0.255,-0.242)               0.49(0.18,-0.16)
J16143367-1900133  M3     3.53\pm0.02                   136.93(-0.5,+0.5)    -0.52(0.15,-0.111)                0.41(0.18,-0.14)
J16145918-2750230  G8     3.74\pm0.01                   149.96(-0.35,+0.35)  0.099(0.15,-0.111)                1.48(0.02,-0.02)
J16145928-2459308  M4.25  3.51\pm0.02                   159.24(-1.01,+1.02)  -0.839(0.144,-0.111)              0.27(0.13,-0.1)
J16151239-2420091  M4     3.51\pm0.02                   146.03(-1.41,+1.44)  -1.614(0.378,-0.369)              0.27(0.13,-0.1)
J16153456-2242421  M0     3.59\pm0.01                   137.89(-1.03,+1.04)  -0.174(0.15,-0.111)               0.93(0.07,-0.09)
J16154416-1921171  K5     3.64\pm0.01                   145.0(-20.0,+20.0)   -0.31(0.161,-0.127)               1.21(0.04,-0.04)
J16163345-2521505  M0.5   3.58\pm0.01                   159.46(-0.49,+0.5)   -0.747(0.141,-0.106)              0.84(0.08,-0.09)
J16181618-2619080  M4.5   3.5\pm0.02                    145.0(-20.0,+20.0)   -1.26(0.865,-0.865)               0.22(0.11,-0.09)
J16181904-2028479  M4.75  3.5\pm0.02                    139.67(-1.1,+1.12)   -1.353(0.2,-0.18)                 0.22(0.11,-0.09)
J16215466-2043091  K7     3.61\pm0.01                   108.79(-0.25,+0.25)  -0.6(0.15,-0.111)                 1.06(0.06,-0.07)
J16220961-1953005  M3.75  3.52\pm0.02                   145.0(-20.0,+20.0)   -0.5(0.204,-0.183)                0.33(0.16,-0.12)
J16230783-2300596  K3.5   3.66\pm0.01                   137.93(-0.41,+0.41)  0.047(0.15,-0.111)                1.28(0.04,-0.03)
J16235385-2946401  G2.5   3.77\pm0.01                   135.19(-0.32,+0.33)  0.599(0.15,-0.111)                1.54(0.02,-0.02)
J16270942-2148457  M4.5   3.5\pm0.02                    137.96(-1.62,+1.66)  -1.593(0.375,-0.365)              0.22(0.11,-0.09)
J16303390-2428062  M4     3.51\pm0.02                   146.61(-1.03,+1.04)  -1.1(0.164,-0.132)                0.27(0.13,-0.1)