Source	                sigma naught		R_dust (au)	p	   		h_0 (au)	Inclination (deg)Position Angle (deg)	
2MASS J15354856-2958551	-2.45 (-0.19, +0.24)	14 (-10, +18)	1.12 (-0.04, +0.06)	3 (-3, +7)	46 (-34, +17)	25 (-25, +121)	
2MASS J15514032-2146103	-2.78 (-0.25, +0.29)	13 (-10, +35)	1.12 (-0.04, +0.06)	8 (-8, +1)	84 (-59, +4)	130 (-95, +46)	
2MASS J15530132-2114135	-1.41 (-0.20, +0.32)	8 (-2, +5)	1.12 (-0.04, +0.05)	8 (-4, +6)	47 (-40, +14)	28 (-25, +117)	
2MASS J15534211-2049282	-2.01 (-0.61, +1.07)	45 (-7, +21)	1.13 (-0.06, +0.04)	1 (-1, +1)	89 (-2, +1)	73 (-6, +5)	
2MASS J15582981-2310077	-1.58 (-0.14, +0.21)	13 (-3, +10)	1.13 (-0.07, +0.04)	6 (-1, +1)	32 (-21, +18)	47 (-32, +115)	
2MASS J16001844-2230114	-1.98 (-0.13, +0.16)	30 (-9, +5)	1.13 (-0.05, +0.05)	5 (-3, +6)	45 (-21, +35)	6 (-48, +36)	
2MASS J16014086-2258103	-2.12 (-0.17, +0.14)	36 (-9, +9)	1.12 (-0.06, +0.05)	8 (-3, +10)	74 (-31, +10)	26 (-23, +22)	
2MASS J16014157-2111380	-2.60 (-0.36, +0.38)	9 (-9, +18)	1.13 (-0.05, +0.05)	3 (-3, +6)	80 (-58, +5)	160 (-105, +20)	
2MASS J16020757-2257467	-2.17 (-0.12, +0.21)	47 (-7, +8)	1.12 (-0.03, +0.07)	1 (-1, +16)	57 (-19, +14)	80 (-15, +17)	
2MASS J16024152-2138245	-1.37 (-0.17, +0.14)	24 (-3, +3)	1.13 (-0.04, +0.05)	8 (-3, +7)	41 (-21, +14)	63 (-21, +28)	
2MASS J16030161-2207523	-1.86 (-0.19, +0.24)	19 (-8, +7)	1.13 (-0.04, +0.05)	7 (-4, +8)	52 (-42, +22)	62 (-50, +46)	
2MASS J16032225-2413111	-2.20 (-0.19, +0.30)	15 (-11, +13)	1.12 (-0.04, +0.04)	6 (-3, +12)	64 (-36, +16)	72 (-43, +56)	
2MASS J16035767-2031055	-2.51 (-0.10, +0.10)	115 (-46, +88)	1.11 (-0.05, +0.05)	10 (-1, +1)	69 (-27, +21)	5 (-26, +22)	
2MASS J16035793-1942108	-2.75 (-0.09, +0.10)	173 (-60, +46)	1.14 (-0.05, +0.05)	9 (-1, +1)	56 (-34, +14)	42 (-42, +34)	
2MASS J16041740-1942287	-2.62 (-0.24, +0.34)	9 (-8, +14)	1.12 (-0.05, +0.05)	4 (-3, +6)	80(-50, +7)	100 (-79, +60)	
2MASS J16043916-1942459	-2.53 (-1.36, +1.10)	46 (-42, +21)	1.13 (-0.05, +0.05)	4 (-4, +7)	77 (-54, +9)	22 (-18, +123)	
2MASS J16052556-2035397	-2.46 (-0.19, +0.28)	16 (-12, +38)	1.21 (-0.05, +0.05)	3 (-1, +1)	74 (-23, +16)	91 (-68, +72)	
2MASS J16054540-2023088	-1.72 (-0.08, +0.07)	19 (-2, +5)	1.22 (-0.04, +0.06)	9 (-1, +1)	67 (-29, +9)	10 (-10, +36)	
2MASS J16062196-1928445	-2.77 (-0.13, +0.13)	46 (-16, +32)	1.13 (-0.05, +0.05)	13 (-1, +1)	85 (-68, +5)	121 (-52, +39)	
2MASS J16062277-2011243	-2.99 (-0.34, +0.33)	9 (-8, +33)	1.22 (-0.05, +0.05)	6 (-1, +1)	85 (-50, +5)	161 (-127, +13)	
2MASS J16063539-2516510	-2.28 (-0.20, +0.16)	43 (-19, +17)	1.14 (-0.06, +0.04)	8 (-3, +8)	74 (-43, +13)	11 (-11, +70)	
2MASS J16064102-2455489	-1.96 (-0.12, +0.24)	29 (-8, +8)	1.13 (-0.05, +0.05)	6 (-4, +8)	40 (-36, +14)	81 (-41, +48)	
2MASS J16064385-1908056	-3.04 (-0.20, +0.23)	17 (-16, +62)	1.19 (-0.05, +0.05)	3 (-1, +1)	48 (-39, +38)	81 (-36, +81)	
2MASS J16072625-2432079	-1.50 (-0.13, +0.20)	29 (-2, +2)	1.13 (-0.05, +0.04)	6 (-4, +4)	43 (-17, +10)	2 (-14, +19)	
2MASS J16072747-2059442	-2.19 (-0.17, +0.26)	11 (-5, +9)	1.12 (-0.04, +0.06)	4 (-4, +6)	68 (-49, +10)	20 (-20, +106)	
2MASS J16073939-1917472	-3.10 (-0.34, +0.33)	9 (-9, +73)	1.13 (-0.05, +0.05)	2 (-1, +8)	83 (-75, +7)	148 (-117, +31)	
2MASS J16075796-2040087	-0.64 (-0.22, +0.13)	11 (-1, +1)	1.18 (-0.04, +0.04)	18 (-4, +1)	47 (-14, +8)	0 (-14, +15)	
2MASS J16081566-2222199	-2.89 (-0.16, +0.19)	80 (-41, +59)	1.13 (-0.05, +0.05)	8 (-6, +5)	86 (-26, +4)	173 (-18, +24)	
2MASS J16082324-1930009	-1.10 (-0.15, +0.18)	65 (-5, +5)	1.16 (-0.07, +0.04)	8 (-1, +1)	74 (-4, +5)	123 (-2, +3)	
2MASS J16082751-1949047	-2.72 (-0.19, +0.21)	44 (-35, +21)	1.11 (-0.05, +0.05)	2 (-1, +1)	41 (-34, +34)	17 (-11, +132)	
2MASS J16090002-1908368	-2.57 (-0.14, +0.31)	9 (-7, +18)	1.24 (-0.05, +0.06)	19 (-1, +1)	63 (-45, +18)	84 (-38, +81)	
2MASS J16090075-1908526	-1.27 (-0.06, +0.07)	58 (-4, +5)	1.13 (-0.05, +0.05)	6 (-1, +1)	56 (-5, +5)	149 (-9, +9)	
2MASS J16093558-1828232	-2.87 (-0.31, +0.36)	7 (-7, +28)	1.13 (-0.05, +0.05)	3 (-3, +6)	83 (-59, +6)	104 (-81, +40)	
2MASS J16094098-2217594	-3.58 (-0.35, +0.36)	12 (-10, +62)	1.13 (-0.05, +0.05)	1 (-1, +13)	82 (-61, +6)	74 (-53, +65)	
2MASS J16095361-1754474	-2.76 (-0.21, +0.31)	6 (-6, +28)	1.18 (-0.05, +0.05)	9 (-1, +1)	86 (-60, +4)	154 (-131, +16)	
2MASS J16095441-1906551	-3.11 (-0.58, +0.52)	7 (-7, +41)	1.13 (-0.05, +0.05)	2 (-2, +7)	83 (-72, +5)	177 (-42, +48)	
2MASS J16095933-1800090	-3.56 (-0.30, +0.34)	8 (-6, +63)	1.14 (-0.04, +0.06)	16 (-1, +1)	86 (-66, +4)	105 (-64, +59)	
2MASS J16102857-1904469	-3.02 (-0.44, +0.40)	9 (-9, +28)	1.14 (-0.06, +0.05)	2 (-2, +12)	84 (-51, +6)	98 (-74, +43)	
2MASS J16104636-1840598	-2.13 (-0.25, +0.36)	10 (-8, +15)	1.12 (-0.04, +0.06)	8 (-5, +8)	71 (-63, +8)	84 (-38, +78)	
2MASS J16111330-2019029	-1.69 (-0.27, +0.15)	8 (-2, +8)	1.14 (-0.06, +0.04)	6 (-3, +12)	17 (-13, +40)	141 (-78, +35)	
2MASS J16115091-2012098	-2.94 (-0.25, +0.24)	95 (-53, +6)	1.13 (-0.04, +0.06)	1 (-1, +8)	86 (-42, +4)	144 (-44, +32)	
2MASS J16122737-2009596	-2.98 (-0.30, +0.35)	86 (-43, +15)	1.13 (-0.05, +0.05)	1 (-1, +8)	26 (-14, +50)	159 (-112, +18)	
2MASS J16123916-1859284	-2.21 (-0.10, +0.20)	48 (-7, +8)	1.12 (-0.05, +0.05)	8 (-5, +8)	51 (-36, +14)	46 (-27, +22)	
2MASS J16133650-2503473	-2.82 (-0.26, +0.26)	45 (-33, +48)	1.14 (-0.06, +0.04)	4 (-2, +12)	86 (-52, +4)	23 (-29, +105)	
2MASS J16135434-2320342	-1.18 (-0.59, +0.86)	10 (-3, +3)	1.14 (-0.05, +0.05)	6 (-5, +5)	52 (-44, +14)	75 (-49, +52)	
2MASS J16135434-2320342B	-1.60 (-0.17, +0.25)	13 (-3, +5)	1.14 (-0.05, +0.04)	6 (-1, +12)	40 (-34, +10)	154 (-88, +29)	
2MASS J16141107-2305362	-2.28 (-0.07, +0.12)	30 (-8, +9)	1.04 (-0.04, +0.04)	3 (-1, +1)	4 (-3, +48)	46 (-40, +104)	
2MASS J16142029-1906481	-1.03 (-0.12, +0.17)	29 (-2, +1)	1.10 (-0.02, +0.06)	9 (-5, +1)	27 (-23, +10)	19 (-19, +32)	
2MASS J16143367-1900133	-2.69 (-0.18, +0.29)	11 (-9, +13)	1.14 (-0.06, +0.05)	8 (-6, +5)	69 (-43, +18)	51 (-38, +109)	
2MASS J16153456-2242421	-1.63 (-0.18, +0.11)	21 (-2, +2)	1.12 (-0.04, +0.06)	3 (-2, +16)	46 (-21, +12)	170 (-31, +10)	
2MASS J16154416-1921171	-0.88 (-0.21, +0.25)	10 (-1, +2)	1.15 (-0.05, +0.05)	9 (-1, +8)	40 (-17, +24)	117 (-54, +26)	
2MASS J16163345-2521505	-2.33 (-0.57, +0.53)	72 (-23, +25)	1.12 (-0.05, +0.06)	1 (-1, +2)	88 (-9, +2)	64 (-9, +9)	
2MASS J16181904-2028479	-1.62 (-0.18, +0.29)	11 (-3, +6)	1.13 (-0.05, +0.06)	8 (-5, +5)	56 (-46, +7)	90 (-56, +42)	
2MASS J16215466-2043091	-3.08 (-0.55, +0.48)	8 (-8, +29)	1.13 (-0.05, +0.05)	1 (-1, +8)	82 (-53, +8)	127 (-110, +41)	
2MASS J16270942-2148457	-1.96 (-0.13, +0.25)	22 (-6, +10)	1.13 (-0.05, +0.05)	8 (-6, +7)	70 (-33, +15)	176 (-29, +25)	
2MASS J16303390-2428062	-2.98 (-0.23, +0.27)	96 (-66, +3)	1.13 (-0.05, +0.05)	1 (-1, +8)	74 (-25, +16)	76 (-47, +75)	