Sources            Temperature(K)     \alpha_{Planck}    \beta              \kappa_{3mm}       \kappa_{0.88mm}
-----------------  -----------------  -----------------  -----------------  -----------------  -----------------
J15530132-2114135  33.12(5.35,-7.35)  1.85(0.02,-0.05)   0.06(0.05,-0.02)   8.68(0.45,-0.86)   9.35(0.46,-0.23)
J15582981-2310077  25.01(4.77,-6.91)  1.79(0.03,-0.09)   0.17(0.09,-0.03)   6.88(0.56,-1.21)   8.37(0.74,-0.32)
J15583692-2257153  31.1(1.44,-1.37)   1.84(0.01,-0.01)   1.14(0.01,-0.01)   0.76(0.01,-0.01)   2.92(0.02,-0.02)
J16001844-2230114  19.92(4.71,-2.16)  1.74(0.05,-0.03)   0.27(0.03,-0.05)   5.41(0.69,-0.41)   7.46(0.27,-0.44)
J16014086-2258103  20.34(4.3,-2.96)   1.74(0.05,-0.05)   0.38(0.05,-0.05)   4.27(0.49,-0.44)   6.67(0.33,-0.35)
J16020757-2257467  19.63(2.71,-2.3)   1.73(0.03,-0.04)   0.28(0.04,-0.03)   5.36(0.44,-0.45)   7.43(0.3,-0.28)
J16024152-2138245  18.25(2.31,-1.92)  1.71(0.03,-0.04)   0.19(0.04,-0.03)   6.54(0.54,-0.53)   8.17(0.32,-0.31)
J16035767-2031055  19.44(4.15,-2.98)  1.73(0.05,-0.05)   0.26(0.05,-0.05)   5.57(0.67,-0.63)   7.57(0.42,-0.42)
J16042165-2130284  22.53(1.04,-0.99)  1.77(0.01,-0.01)   1.28(0.01,-0.01)   0.56(0.01,-0.01)   2.52(0.03,-0.03)
J16054540-2023088  26.03(3.6,-4.44)   1.8(0.03,-0.04)    -0.08(0.04,-0.03)  12.07(0.71,-1.13)  10.94(0.5,-0.3)
J16062196-1928445  25.4(6.67,-5.5)    1.8(0.04,-0.06)    -0.25(0.06,-0.04)  17.51(1.84,-2.24)  13.06(0.82,-0.64)
J16072625-2432079  22.23(1.81,-1.62)  1.77(0.02,-0.02)   0.34(0.02,-0.02)   4.61(0.2,-0.2)     6.91(0.15,-0.14)
J16075796-2040087  35.35(4.64,-3.99)  1.86(0.02,-0.02)   0.08(0.02,-0.02)   8.3(0.33,-0.35)    9.15(0.19,-0.17)
J16082324-1930009  19.35(1.41,-1.26)  1.73(0.02,-0.02)   0.5(0.02,-0.02)    3.23(0.15,-0.15)   5.83(0.13,-0.13)
J16090075-1908526  21.17(1.63,-1.58)  1.75(0.02,-0.02)   0.53(0.02,-0.02)   3.05(0.13,-0.14)   5.68(0.13,-0.12)
J16111330-2019029  43.3(9.85,-14.44)  1.88(0.02,-0.06)   -0.23(0.06,-0.02)  16.99(0.87,-2.19)  12.88(0.82,-0.31)
J16113134-1838259  29.41(1.75,-1.66)  1.83(0.01,-0.01)   0.55(0.01,-0.01)   2.87(0.07,-0.07)   5.51(0.06,-0.06)
J16123916-1859284  21.98(2.36,-2.04)  1.76(0.02,-0.03)   0.53(0.03,-0.02)   3.05(0.17,-0.17)   5.68(0.16,-0.15)
J16135434-2320342  32.33(7.97,-5.41)  1.84(0.03,-0.03)   -0.32(0.03,-0.03)  20.77(1.57,-1.51)  14.17(0.5,-0.5)
J16141107-2305362  41.51(9.92,-7.04)  1.88(0.02,-0.03)   -0.26(0.03,-0.02)  17.97(1.0,-1.02)   13.22(0.36,-0.35)
J16142029-1906481  29.45(3.07,-2.31)  1.83(0.02,-0.02)   0.32(0.02,-0.02)   4.82(0.19,-0.17)   7.06(0.12,-0.13)
J16153456-2242421  36.68(3.69,-3.19)  1.86(0.01,-0.01)   0.03(0.01,-0.01)   9.41(0.28,-0.29)   9.71(0.14,-0.14)
J16154416-1921171  48.37(5.06,-6.18)  1.9(0.01,-0.02)    0.17(0.02,-0.01)   6.77(0.16,-0.24)   8.3(0.14,-0.09)
J16181904-2028479  26.68(6.18,-6.3)   1.81(0.04,-0.06)   0.04(0.06,-0.04)   9.1(0.81,-1.23)    9.56(0.64,-0.4)