Sources            M_{3mm}(M_{\quad})       M_{0.88mm}(M_{\quad})    Mass Integral
-----------------  -----------------------  -----------------------  -----------------
J15530132-2114135  0.2141(0.0236,-0.0104)   0.0053(0.0006,-0.0002)   0.72(0.79,-0.27)
J15582981-2310077  0.3386(0.072,-0.0255)    0.0106(0.0018,-0.0007)   0.8(0.5,-0.22)
J15583692-2257153  29.8922(0.5402,-0.5069)  0.0477(0.0002,-0.0002)   152.81(0.0,-0.0)
J16001844-2230114  0.3693(0.0302,-0.042)    0.0146(0.0009,-0.0013)   0.74(0.33,-0.19)
J16014086-2258103  0.3117(0.0354,-0.0318)   0.013(0.0009,-0.0009)    0.64(0.24,-0.21)
J16020757-2257467  0.4796(0.0436,-0.0361)   0.0252(0.0017,-0.0014)   0.75(1.78,-0.38)
J16024152-2138245  0.9545(0.0834,-0.0723)   0.0181(0.0013,-0.0011)   2.4(0.91,-0.78)
J16035767-2031055  0.4153(0.0532,-0.0448)   0.0385(0.0036,-0.0032)   0.84(0.22,-0.17)
J16042165-2130284  50.2109(1.3078,-1.212)   0.1925(0.0011,-0.0011)   152.81(0.0,-0.0)
J16054540-2023088  0.312(0.0323,-0.0173)    0.0062(0.0007,-0.0004)   0.85(0.15,-0.14)
J16062196-1928445  0.1657(0.0242,-0.0157)   0.0215(0.0043,-0.0026)   0.18(0.06,-0.05)
J16072625-2432079  1.1378(0.052,-0.0472)    0.0213(0.0007,-0.0006)   2.15(1.26,-0.56)
J16075796-2040087  0.8393(0.037,-0.032)     0.0044(0.0002,-0.0002)   5.88(2.05,-2.34)
J16082324-1930009  4.8947(0.232,-0.2139)    0.0942(0.0025,-0.0024)   12.14(6.23,-3.55)
J16090075-1908526  4.8064(0.2377,-0.1993)   0.0949(0.0025,-0.0022)   7.32(1.28,-0.94)
J16111330-2019029  0.1101(0.0163,-0.0053)   0.0037(0.0008,-0.0002)   0.38(0.16,-0.18)
J16113134-1838259  67.1867(1.6787,-1.5373)  0.0649(0.0009,-0.0008)   152.81(0.0,-0.0)
J16123916-1859284  0.5638(0.0342,-0.0302)   0.0279(0.0009,-0.0008)   0.7(0.41,-0.14)
J16135434-2320342  0.196(0.0154,-0.0138)    0.0034(0.0004,-0.0003)   1.54(9.62,-1.14)
J16141107-2305362  0.0965(0.0058,-0.0051)   0.0029(0.0002,-0.0002)   0.37(0.12,-0.06)
J16142029-1906481  2.3746(0.0852,-0.0901)   0.0132(0.0003,-0.0004)   6.35(3.04,-1.53)
J16153456-2242421  0.3414(0.0108,-0.0099)   0.0036(0.0001,-0.0001)   1.15(0.33,-0.39)
J16154416-1921171  0.6327(0.0228,-0.0142)   0.0044(0.0001,-0.0001)   3.07(2.39,-1.18)
J16181904-2028479  0.2107(0.0328,-0.0173)   0.0056(0.0008,-0.0004)   0.62(0.58,-0.21)