Sources              Distance    Parallax Error    Luminosity  Radius dust      Temperature    $alpha_{Planck}$
-----------------  ----------  ----------------  ------------  -------------  -------------  ------------------
J15530132-2114135     146.341          2.49551      -1.39005   8(-2, +5)              19.74             1.7383
J15582981-2310077     147.508          2.73626      -1.12995   13(-3, +10)            17.99             1.71051
J15583692-2257153     167.338          0.508302      0.476555  65(0, +0)              20.28             1.74583
J16001844-2230114     137.666          7.69239      -1.18002   30(-9, +5)             11.51             1.52527
J16014086-2258103     135.854          1.24599      -0.957354  36(-9, +9)             11.94             1.54464
J16020757-2257467     140.68           0.391223     -0.84653   47(-7, +8)             11.14             1.50753
J16024152-2138245     140.543          1.25563      -1.46774   24(-3, +3)             10.9              1.49538
J16035767-2031055     142.855          0.441393      0.180661  115(-46, +88)          12.86             1.58104
J16042165-2130284     145.309          0.566288     -0.238233  65(0, +0)              13.44             1.60115
J16054540-2023088     138.715          0.853106      0.859913  19(-2, +5)             46.78             1.89478
J16062196-1928445     145             20            -0.25      46(-16, +32)           15.87             1.66803
J16072625-2432079     144.567          0.521422      0.943741  29(-2, +2)             39.74             1.87533
J16075796-2040087     136.715          2.44001      -0.871361  11(-1, +1)             22.7              1.77475
J16082324-1930009     137.817          0.431007     -0.634276  65(-5, +5)             10.7              1.48475
J16090075-1908526     137.397          0.456174     -0.496343  58(-4, +5)             12.27             1.55819
J16111330-2019029     155.313          1.49047      -0.69993   8(-2, +8)              29.37             1.8288
J16113134-1838259     132.06           1.24082       0.368663  66(0, +0)              18.92             1.72591
J16123916-1859284     135.459          0.332818     -0.559349  48(-7, +8)             13                1.58609
J16135434-2320342     145             20            -1.07      10(-3, +3)             21.23             1.75802
J16141107-2305362     145             20             0.43      30(-8, +9)             29.07             1.8269
J16142029-1906481     139.88           0.965923     -0.40244   29(-2, +1)             18.31             1.71601
J16153456-2242421     137.888          1.02745      -0.173403  21(-2, +2)             24.55             1.79287
J16154416-1921171     126.778          1.33535      -0.426543  10(-1, +2)             30.75             1.83688
J16181904-2028479     139.673          1.10191      -1.34903   11(-3, +6)             17.24             1.69677